0.000000000000000000e+00
0.000000000000000000e+00
0.000000000000000000e+00
0.000000000000000000e+00
0.000000000000000000e+00
0.000000000000000000e+00
-1.744332089483052739e-01
-2.227811477442726609e-05
1.421588962087522872e-05
-1.656194553189122010e-02
3.821076525817199608e-06
5.000707812148084963e-03
1.498396606701087629e-07
-1.536558804999524006e-04
1.278080694280836301e-05
1.244627073051811436e-07
1.979381768413080486e-07
5.013001061700498411e-07
-1.946541081053933766e-08
2.806174910634989946e-08
3.149979852577635650e-05
1.362968260205567501e-02
9.239449551570903878e-07
1.199498591546592675e-06
-1.796357109614565850e-02
1.645021978832526266e-01
-1.906623354698060328e-05
1.138250596859601699e-01
2.951315882093363450e-04
-1.605451904969690605e-02
-2.065620890619258524e-06
1.074173717061114100e-02
0.000000000000000000e+00
-9.886429601857790294e-06
9.447225409058387924e-03
-3.170359486121450583e-03
-1.417537006048608857e-06
9.230797543224843194e-02
-1.033697313702627004e-06
-2.939708186681063221e-02
2.704300662637450990e-05
-2.584944876589912036e-06
6.338018500960968524e-07
8.932123997232774282e-02
-4.020394027327324143e-06
1.830747953651467393e-04
1.519355755232726247e-06
-4.065210151584508491e-03
1.187334930299769111e-06
8.862574955206554447e-07
-3.594893438627731405e-03
4.610015993414560281e-02
6.596957790841157176e-06
1.130648499038111914e-06
1.096597722526819127e-03
3.010559689327797320e-06
-1.494507997018490724e-03
-0.000000000000000000e+00
3.940526640422887389e-02
-9.421979477997157511e-04
-2.625447242645649218e-07
-1.551396241671587124e-06
-2.225001921383217354e-02
2.557642399268274543e-07
2.277384565995836663e-02
1.877608623055039214e-03
2.507204674519983380e-07
9.539552611401304989e-04
9.978198552430543316e-07
-5.161911202882626427e-03
-0.000000000000000000e+00
-5.045105817121480103e-03
5.000738017279093698e-05
5.146927382841914346e-03
-2.384363410097648320e-07
-2.798540445411047532e-04
-5.160682594688410522e-06
-3.714833440362792089e-04
-2.331911176283899562e-06
6.301715194069224500e-03
2.319310415695109704e-07
0.000000000000000000e+00
3.646043396278720629e-03
-3.891853423814026702e-06
7.302263035303086056e-05
-6.825813238592380003e-07
-6.378548202981083708e-03
-3.407080285552083893e-02
1.113382657652203813e-06
1.104593367395870912e-02
-2.206797502595542491e-07
6.576363758554372980e-07
-1.771168592680398904e-02
0.000000000000000000e+00
-2.140005971801392965e-07
3.859801750290304395e-02
2.118827380177982216e-07
-8.949324267842131975e-03
-1.045397482444461430e-06
2.594135137660934579e-02
-9.256498884063511789e-03
2.505322997362917554e-05
2.059103044899547070e-07
2.051306723951543565e-07
6.267008297321064597e-03
5.460580029940542051e-04
-9.829826779406185483e-05
9.413766582037554065e-03
2.037430882211075711e-06
-2.604830777267830985e-05
-1.302412887156330208e-05
-2.028932976133636963e-07
8.833539708163313207e-04
-8.751408793213366101e-04
6.062552618443930022e-07
2.504024193477492888e-02
4.021040692000389776e-07
-3.535269884274135771e-02
-1.584491639365201100e-06
2.563975021910646843e-02
-1.960923248769605707e-07
0.000000000000000000e+00
-1.189515167230907958e-02
-2.466102307163373433e-02
-2.456330898087493158e-06
1.451080506980340946e-03
-7.647785780945839709e-06
-3.362914135171792430e-03
-2.147969717635309867e-05
7.159872461997097324e-07
-1.315596491148942262e-05
-4.289978357935092775e-07
-9.628186156538605974e-06
-8.297217253185672583e-05
5.932111513236656844e-06
-1.162401636798826533e-03
1.411101807062268741e-04
0.000000000000000000e+00
5.500625342962747917e-04
-0.000000000000000000e+00
5.408301728217890627e-04
1.823932049221015588e-06
5.359362762925324588e-04
8.388827309388003462e-07
-1.519764122264646974e-04
1.397937521748308706e-07
-5.014153979272140300e-04
