0.000000000000000000e+00
0.000000000000000000e+00
0.000000000000000000e+00
0.000000000000000000e+00
0.000000000000000000e+00
0.000000000000000000e+00
4.732999778744811578e-03
-2.416596140792166230e-06
-4.143786246836858399e-07
2.377419486836565392e-03
2.726343653316381003e-07
1.007744475514425753e-02
1.327352350795050991e-08
5.819595187831551851e-03
2.014988746294719166e-05
8.047303769207775623e-08
1.318882503316711590e-07
3.246929433466995237e-06
6.314057187334111723e-08
-4.619877793955162243e-07
-1.892180143177683014e-04
2.209246154638919157e-02
1.432726857416507037e-06
-1.649510023479595437e-06
-1.809367540285842721e-02
1.656936338340318782e-01
-1.920432407942411520e-05
1.146494575964713408e-01
2.972691303755068478e-04
-1.617079671294037457e-02
-2.080581511336989082e-06
1.081953608152885944e-02
0.000000000000000000e+00
-9.958033798057414632e-06
9.515648592045010054e-03
-3.193321369410936569e-03
-1.427803765838438222e-06
9.297653209525230666e-02
-1.041184047361002398e-06
-2.960999537577770763e-02
2.723887033352504614e-05
-2.603666792141080938e-06
6.383922708904186266e-07
8.996816468118019883e-02
-4.049512434510281384e-06
1.844007466027976618e-04
1.530359955128537775e-06
-4.094653147388782784e-03
1.195934411278005586e-06
8.926763704986074113e-07
-3.620930083348072870e-03
4.643404840851841214e-02
6.644737411897402992e-06
1.138837418619628109e-06
1.104540023401658425e-03
3.032364194629164529e-06
-1.505332232677874648e-03
-0.000000000000000000e+00
3.969066594081958194e-02
-9.490219812910841764e-04
-2.644462503669591487e-07
-1.562632500396489796e-06
-2.241116887102825514e-02
2.576166571850382613e-07
2.293878922184335034e-02
1.891207532028817704e-03
2.525363543055617550e-07
9.608644490305195485e-04
1.005046740131131337e-06
-5.199297247938445242e-03
-0.000000000000000000e+00
-5.081645878733727362e-03
5.036956737338039975e-05
5.184204904959401235e-03
-2.401632579282421356e-07
-2.818809364241778694e-04
-5.198059741334416033e-06
-3.741738771531354416e-04
-2.348800450987817876e-06
6.347356468960363776e-03
2.336108427185734616e-07
0.000000000000000000e+00
3.672450503516951938e-03
-3.920040853185555715e-06
7.355150952998150849e-05
-6.875250385271330242e-07
-6.424745954382578977e-03
-3.431756660649995516e-02
1.121446526356514021e-06
1.112593578127655386e-02
-2.222780619626891650e-07
6.623994223728486799e-07
-1.783996591110597121e-02
0.000000000000000000e+00
-2.155505339484589445e-07
3.887757039808321935e-02
2.134173358205771789e-07
-9.014141314696763260e-03
-1.052968956622103728e-06
2.612923615285910744e-02
-9.323540696821832827e-03
2.523468237522508725e-05
2.074016458979238804e-07
2.066163671812663576e-07
6.312398201439910206e-03
5.500129236233796065e-04
-9.901021019760524139e-05
9.481947433615257534e-03
2.052187331860562937e-06
-2.623696719934054348e-05
-1.311845840372052756e-05
-2.043627878211497213e-07
8.897518165085883208e-04
-8.814792402614135287e-04
6.106461716535319885e-07
2.522160026822694787e-02
4.050163782765387871e-07
-3.560874694969860810e-02
-1.595967597298532879e-06
2.582545059620248648e-02
-1.975125578497510339e-07
0.000000000000000000e+00
-1.198130438956589681e-02
-2.483963484611831363e-02
-2.474121304396036125e-06
1.461590211444705519e-03
-7.703176207581622777e-06
-3.387270629197914208e-03
-2.163526764141108374e-05
7.211729091051207684e-07
-1.325124928923288984e-05
-4.321049276801091076e-07
-9.697919979401182423e-06
-8.357311300888836062e-05
5.975075868800573083e-06
-1.170820534036355652e-03
1.421321958797486197e-04
0.000000000000000000e+00
5.540464584442211576e-04
-0.000000000000000000e+00
5.447472299763892172e-04
1.837142196217122414e-06
5.398178885452443792e-04
8.449584858952034204e-07
-1.530771279830138063e-04
1.408062328843811361e-07
-5.050469866783184646e-04
