0.000000000000000000e+00
0.000000000000000000e+00
0.000000000000000000e+00
0.000000000000000000e+00
0.000000000000000000e+00
0.000000000000000000e+00
-4.527254893953295417e-02
-1.332945310091249138e-05
7.518896307265932652e-05
-5.535403926745431635e-02
2.817991061019825263e-06
3.643077035846659724e-04
6.963232438354786129e-07
-1.515068915324377721e-02
1.564312368054293851e-03
8.006674393517210708e-06
4.224248908640152535e-08
4.400739308142590303e-06
5.825261748504526380e-07
-2.865930440110130637e-06
-8.839436713310223383e-04
1.606844443818276208e-02
3.723122191768597812e-06
7.546821626358261683e-07
-1.873918681025545790e-02
1.716049331356672425e-01
-1.988945907762682005e-05
1.187397007937552318e-01
3.078745275903850900e-04
-1.674770734676617884e-02
-2.154808503348530056e-06
1.120553471408238314e-02
0.000000000000000000e+00
-1.031329740640510041e-05
9.855129630484340750e-03
-3.307246557386499600e-03
-1.478742206915343534e-06
9.629357027303570016e-02
-1.078329412512471748e-06
-3.066636393343505698e-02
2.821064644497894993e-05
-2.696555416368438787e-06
6.611676044850932553e-07
9.317787610305647283e-02
-4.193983163241247699e-06
1.909794423522433518e-04
1.584957198997686465e-06
-4.240734319794255656e-03
1.238600662760368724e-06
9.245235639206580341e-07
-3.750110673921672015e-03
4.809063322459118661e-02
6.881795593998977439e-06
1.179466673236046286e-06
1.143945681409633741e-03
3.140547061594170505e-06
-1.559036585523869596e-03
-0.000000000000000000e+00
4.110667330590895424e-02
-9.828793652196777218e-04
-2.738806558956598995e-07
-1.618381102165698588e-06
-2.321071151989574990e-02
2.668074096024361591e-07
2.375715529644623070e-02
1.958678402844093308e-03
2.615458614320654484e-07
9.951443257831156519e-04
1.040902867826411699e-06
-5.384787791416530654e-03
-0.000000000000000000e+00
-5.262939082576464228e-03
5.216655607806522886e-05
5.369157012805120949e-03
-2.487313414811185506e-07
-2.919373432037986938e-04
-5.383506135428152409e-06
-3.875229342504108191e-04
-2.432596443291980012e-06
6.573805264813192481e-03
2.419451617836015502e-07
0.000000000000000000e+00
3.803469140711397255e-03
-4.059892543450426320e-06
7.617553905277121926e-05
-7.120532366604010025e-07
-6.653955703692367857e-03
-3.554188285100954442e-02
1.161455342112904849e-06
1.152286555396642154e-02
-2.302080718372087798e-07
6.860312370193813811e-07
-1.847642595843133548e-02
0.000000000000000000e+00
-2.232405319967421823e-07
4.026456970171167493e-02
2.210312297222386030e-07
-9.335730539493313287e-03
-1.090534761136709818e-06
2.706142486674401049e-02
-9.656168078662570944e-03
2.613495691716117254e-05
2.148009235659027956e-07
2.139876291830910694e-07
6.537599823351301041e-03
5.696352285730193208e-04
-1.025425063568054387e-04
9.820226146837376935e-03
2.125401330859483452e-06
-2.717299933463575756e-05
-1.358647357247542066e-05
-2.116536509459060426e-07
9.214946733091359003e-04
-9.129269639716841534e-04
6.324316331979239127e-07
2.612140809186992707e-02
4.194657749048675161e-07
-3.687912744715759333e-02
-1.652905464644682076e-06
2.674680143232854856e-02
-2.045590316234564358e-07
0.000000000000000000e+00
-1.240875036097638905e-02
-2.572581564088448347e-02
-2.562388253465950151e-06
1.513734020450936820e-03
-7.977995336612633221e-06
-3.508115166441174229e-03
-2.240712917610029474e-05
7.469015313539489624e-07
-1.372400191621493120e-05
-4.475207375584002763e-07
-1.004390374639957204e-05
-8.655467405703207216e-05
6.188243152257209325e-06
-1.212590820830367370e-03
1.472029154409203926e-04
0.000000000000000000e+00
5.738126641039716178e-04
-0.000000000000000000e+00
5.641816756193204427e-04
1.902684227798016073e-06
5.590764746099577106e-04
8.751032922586531289e-07
-1.585383198152161179e-04
1.458296472839294073e-07
-5.230650832735987037e-04
