0.000000000000000000e+00
0.000000000000000000e+00
0.000000000000000000e+00
0.000000000000000000e+00
0.000000000000000000e+00
0.000000000000000000e+00
-3.609768226702431745e-03
-2.856555031993055762e-05
8.521880343228520219e-06
-2.467726399029926019e-04
1.705417124805976708e-06
3.188012147605278311e-03
2.313199438717061843e-07
-3.825821497598622112e-02
2.420517016494512584e-04
1.646520748873972317e-07
6.130047662616786799e-08
1.402835981905211058e-05
-3.357824450580516389e-06
7.737494961520460102e-06
2.968445234797734643e-04
4.780830495218579140e-02
2.492942327676862974e-06
-4.982974080563254438e-06
-1.109832870834971119e-01
1.016334366692855040e+00
-1.177958024058800145e-04
7.032387496233214463e-01
1.823394335476714216e-03
-9.918870179784528007e-02
-1.276190547426590810e-05
6.636505034554079918e-02
0.000000000000000000e+00
-6.108075331241866104e-05
5.836724357892304760e-02
-1.958724772056048835e-02
-8.757886483246619388e-06
5.703009987636457057e-01
-6.386432024571879883e-06
-1.816222820495500268e-01
1.670782358336207003e-04
-1.597041466855934146e-05
3.915781127637781604e-06
5.518482246901228461e-01
-2.483896671410638042e-05
1.131080366092805179e-03
9.386947342621518753e-06
-2.511585156944964869e-02
7.335642380261314440e-06
5.475513166553757143e-06
-2.221012116123207564e-02
2.848179383254256236e-01
4.075760083894067659e-05
6.985419897171562853e-06
6.775045964018614440e-03
1.859996592516959777e-05
-9.233431882443139671e-03
-0.000000000000000000e+00
2.434552668027448463e-01
-5.821126811058981512e-03
-1.622064808236475219e-06
-9.584901217477838378e-06
-1.374660003183834078e-01
1.580173336001216735e-06
1.407023268005284655e-01
1.160032021070012478e-02
1.549011689713752800e-06
5.893766336619121401e-03
6.164772408522632569e-06
-3.189153592360948614e-02
-0.000000000000000000e+00
-3.116988399864177930e-02
3.089576899996942117e-04
3.179896225925927383e-02
-1.473117385390215786e-06
-1.729005975512708194e-03
-3.188394528502198352e-05
-2.295113950185665060e-03
-1.440711126677152556e-05
3.893352066571459380e-02
1.432926072010621581e-06
0.000000000000000000e+00
2.252613797124745909e-02
-2.404481177546708340e-05
4.511514723150679743e-04
-4.217152514844761576e-06
-3.940821357838290850e-02
-2.104976607513654174e-01
6.878747352997898541e-06
6.824444991927382242e-02
-1.363412872946271373e-06
4.063036592639139368e-06
-1.094270795838023225e-01
0.000000000000000000e+00
-1.322147449733935495e-06
2.384678878409466907e-01
1.309062803582094118e-06
-5.529108990106881838e-02
-6.458718496980418466e-06
1.602719432430587398e-01
-5.718888897645282854e-02
1.547849144053965221e-04
1.272163664693725471e-06
1.267346909042322782e-06
3.871909306304237991e-02
3.373678417624518915e-03
-6.073104738477989005e-04
5.816052685289706259e-02
1.258774078399879247e-05
-1.609327457275316160e-04
-8.046621831643026692e-05
-1.253523866486261828e-06
5.457574488654506374e-03
-5.406832022896815824e-03
3.745591642721516791e-06
1.547046711599361912e-01
2.484296196486546150e-06
-2.184175242127794625e-01
-9.789372589217554713e-06
1.584085783436909034e-01
-1.211505811968515020e-06
0.000000000000000000e+00
-7.349112411356109598e-02
-1.523617653017292628e-01
-1.517580640149002832e-05
8.965126345174226352e-03
-4.724987032572362062e-05
-2.077689691561399390e-02
-1.327067644529363499e-04
4.423542382959406991e-06
-8.128073325829565622e-05
-2.650452391300176258e-06
-5.948526284585770653e-05
-5.126221503930435174e-04
3.665001972943586841e-05
-7.181598462393227848e-03
8.718128267426512477e-04
0.000000000000000000e+00
3.398419380586196418e-03
-0.000000000000000000e+00
3.341379618364234607e-03
1.126869335479294018e-05
3.311143941919033121e-03
5.182820412425973388e-06
-9.389470332916515340e-04
8.636796128709293720e-07
-3.097865605808310628e-03
