0.000000000000000000e+00
0.000000000000000000e+00
0.000000000000000000e+00
0.000000000000000000e+00
0.000000000000000000e+00
0.000000000000000000e+00
2.717138130315898081e+01
-8.264221979302988075e-03
-2.792510928401270576e-03
8.744852539771400757e+00
1.172686979657555639e-03
6.031897880337936613e+00
-1.063292363596701762e-04
-1.661152745413133403e+00
4.764102633379252438e-02
-2.229781282636622564e-04
-1.076836213371734630e-04
9.611247976266668047e-04
8.755524079617771349e-05
-1.453342973434246233e-04
1.748707881810531717e-01
-6.078877664193669261e-01
3.863731304676321088e-04
1.219629460678106625e-04
-1.135879975935205977e+02
-1.135879975935205977e+02
-1.135879975935205977e+02
-1.135879975935205977e+02
-1.135879975935205977e+02
-1.135879975935205977e+02
-1.135879975935205977e+02
-1.135879975935205977e+02
-1.135879975935205977e+02
-1.135879975935205977e+02
-1.135879975935205977e+02
-1.135879975935205977e+02
-1.135879975935205977e+02
-1.135879975935205977e+02
-1.135879975935205977e+02
-1.135879975935205977e+02
-1.135879975935205977e+02
-1.135879975935205977e+02
-1.135879975935205977e+02
-1.135879975935205977e+02
-1.135879975935205977e+02
-1.135879975935205977e+02
-1.135879975935205977e+02
-1.135879975935205977e+02
-1.135879975935205977e+02
-1.135879975935205977e+02
-1.135879975935205977e+02
-1.135879975935205977e+02
-1.135879975935205977e+02
-1.135879975935205977e+02
-1.135879975935205977e+02
-1.135879975935205977e+02
-1.135879975935205977e+02
-1.135879975935205977e+02
-1.135879975935205977e+02
-1.135879975935205977e+02
-1.135879975935205977e+02
-1.135879975935205977e+02
-1.135879975935205977e+02
-1.135879975935205977e+02
-1.135879975935205977e+02
-1.135879975935205977e+02
-1.135879975935205977e+02
-1.135879975935205977e+02
-1.135879975935205977e+02
-1.135879975935205977e+02
-1.135879975935205977e+02
-1.135879975935205977e+02
-1.135879975935205977e+02
-1.135879975935205977e+02
-1.135879975935205977e+02
-1.135879975935205977e+02
-1.135879975935205977e+02
-1.135879975935205977e+02
-1.135879975935205977e+02
-1.135879975935205977e+02
-1.135879975935205977e+02
-1.135879975935205977e+02
-1.135879975935205977e+02
-1.135879975935205977e+02
-1.135879975935205977e+02
-1.135879975935205977e+02
-1.135879975935205977e+02
-1.135879975935205977e+02
-1.135879975935205977e+02
-1.135879975935205977e+02
-1.135879975935205977e+02
-1.135879975935205977e+02
-1.135879975935205977e+02
-1.135879975935205977e+02
-1.135879975935205977e+02
-1.135879975935205977e+02
-1.135879975935205977e+02
-1.135879975935205977e+02
-1.135879975935205977e+02
-1.135879975935205977e+02
-1.135879975935205977e+02
-1.135879975935205977e+02
-1.135879975935205977e+02
-1.135879975935205977e+02
-1.135879975935205977e+02
-1.135879975935205977e+02
-1.135879975935205977e+02
-1.135879975935205977e+02
-1.135879975935205977e+02
-1.135879975935205977e+02
-1.135879975935205977e+02
-1.135879975935205977e+02
-1.135879975935205977e+02
-1.135879975935205977e+02
-1.135879975935205977e+02
-1.135879975935205977e+02
-1.135879975935205977e+02
-1.135879975935205977e+02
-1.135879975935205977e+02
-1.135879975935205977e+02
-1.135879975935205977e+02
-1.135879975935205977e+02
-1.135879975935205977e+02
-1.135879975935205977e+02
-1.135879975935205977e+02
-1.135879975935205977e+02
-1.135879975935205977e+02
-1.135879975935205977e+02
-1.135879975935205977e+02
-1.135879975935205977e+02
-1.135879975935205977e+02
-1.135879975935205977e+02
-1.135879975935205977e+02
-1.135879975935205977e+02
-1.135879975935205977e+02
-1.135879975935205977e+02
-1.135879975935205977e+02
-1.135879975935205977e+02
-1.135879975935205977e+02
-1.135879975935205977e+02
-1.135879975935205977e+02
-1.135879975935205977e+02
-1.135879975935205977e+02
-1.135879975935205977e+02
-1.135879975935205977e+02
-1.135879975935205977e+02
-1.135879975935205977e+02
