0.000000
0.000000
0.000000
0.000000
0.000000
0.000000
38.798189
40.370437
47.073054
53.775831
62.006122
75.616714
82.993575
107.496475
123.462202
125.525951
144.627636
158.384930
194.016105
201.212648
208.751458
234.275270
245.297639
260.489091
268.653170
283.301511
316.403510
336.316435
338.049023
348.648224
382.042170
427.261846
440.814355
486.318847
491.439396
497.128423
519.186870
524.613574
549.197135
613.571648
614.212661
624.525147
649.270267
657.304048
681.745053
681.802874
706.144510
734.819900
740.024371
747.128315
753.553297
784.497840
792.575768
816.088561
862.791628
870.489255
886.618654
891.034159
896.850448
904.388346
945.945112
975.280542
980.896703
996.765237
1024.463028
1033.715366
1037.272708
1038.987669
1047.823727
1052.410592
1064.760006
1090.472274
1128.056865
1128.156140
1146.905490
1184.923303
1184.959734
1199.017130
1199.080999
1202.293698
1212.145552
1222.473506
1243.125539
1244.106104
1252.153409
1259.523386
1279.076428
1293.752036
1314.993581
1324.113166
1338.898211
1356.886069
1366.913020
1410.551740
1423.778919
1437.086420
1452.383733
1467.196732
1491.590600
1503.489224
1520.390702
1520.953090
1537.858464
1549.570435
1559.293707
1561.233579
1561.244610
1570.333974
1570.748883
1574.466552
1574.472600
1583.934168
1592.833791
1594.007562
1596.628938
1607.977923
1613.078802
1635.437536
1662.159128
1662.839492
1695.709049
1712.323747
1721.863519
1761.533409
3123.177226
3123.319683
3131.503049
3131.942094
3179.792190
3179.815814
3188.620035
3188.635198
3252.380864
3252.391650
3268.530161
3268.584927
3274.581718
3277.843582
3286.173389
3295.527298
3304.244397
3312.393504
3312.630116
3335.588910
3335.640526
3336.545143
3336.875084

