0.000000
0.000000
0.000000
0.000000
0.000000
0.000000
-1.185996
-0.002517
0.000720
-0.580192
0.000143
0.387977
0.000031
-0.402133
0.030914
0.000118
0.000019
0.004393
0.000117
-0.000084
-0.039336
0.601315
0.000096
0.000063
0.036463
-0.342894
0.000042
-0.258509
-0.000672
0.037124
0.000005
-0.027497
-0.000000
0.000027
-0.025936
0.008754
0.000004
-0.261832
0.000003
0.090178
-0.000083
0.000008
-0.000002
-0.283597
0.000013
-0.000592
-0.000005
0.013647
-0.000004
-0.000003
0.012221
-0.159905
-0.000023
-0.000004
-0.003989
-0.000011
0.005511
0.000000
-0.146143
0.003509
0.000001
0.000006
0.086299
-0.000001
-0.090271
-0.007476
-0.000001
-0.003808
-0.000004
0.020738
0.000000
0.020632
-0.000208
-0.021409
0.000001
0.001193
0.000022
0.001593
0.000010
-0.027060
-0.000001
-0.000000
-0.015920
0.000017
-0.000320
0.000003
0.028251
0.151765
-0.000005
-0.049777
0.000001
-0.000003
0.081095
-0.000000
0.000001
-0.181205
-0.000001
0.042452
0.000005
-0.124568
0.044698
-0.000121
-0.000001
-0.000001
-0.030647
-0.002672
0.000481
-0.046198
-0.000010
0.000128
0.000064
0.000001
-0.004366
0.004327
-0.000003
-0.124349
-0.000002
0.177053
0.000008
-0.129480
0.000001
-0.000000
0.061127
0.128180
0.000017
-0.010043
0.000053
0.023307
0.000150
-0.000005
0.000092
0.000003
0.000068
0.000586
-0.000042
0.008230
-0.001000
-0.000000
-0.003905
0.000000
-0.003850
-0.000013
-0.003820
-0.000006
0.001087
-0.000001
0.003587
