0.000000000000000000e+00
0.000000000000000000e+00
0.000000000000000000e+00
0.000000000000000000e+00
0.000000000000000000e+00
0.000000000000000000e+00
-1.009225085293250640e-02
-8.231423903879973880e-05
3.930665605946155254e-06
-6.938296891644842425e-04
-1.559837017912481491e-06
6.305729382322767564e-03
2.115968526608567048e-08
-1.030457443232155393e-02
2.027538947123338586e-04
9.808564303808579124e-07
1.640742964679675772e-07
2.911514130076269771e-05
4.879485104255160339e-08
-6.516917940571994240e-07
2.424585449927815168e-05
1.525307674764319645e-02
9.176312506426023661e-07
-1.167496245293100375e-06
-1.731244628776662173e-02
1.585394936135182953e-01
-1.837514057897651556e-05
1.096992475197670069e-01
2.844339659052368217e-04
-1.547259157080633704e-02
-1.990748416800464909e-06
1.035238187374742935e-02
0.000000000000000000e+00
-9.528076602578947787e-06
9.104792225741814571e-03
-3.055443598748899120e-03
-1.366155601622200892e-06
8.896209211687156060e-02
-9.962289305117720169e-07
-2.833152707289011973e-02
2.606277989899682932e-05
-2.491248488024883808e-06
6.108284610085201457e-07
8.608361673194436792e-02
-3.874666973578338728e-06
1.764388909331632976e-04
1.464283730873507132e-06
-3.917858649658539395e-03
1.144297650861547857e-06
8.541333572378620855e-07
-3.464589486877748745e-03
4.442916936981375353e-02
6.357838138381423590e-06
1.089665930297189340e-06
1.056849390854484524e-03
2.901436058489838320e-06
-1.440336628309492936e-03
-0.000000000000000000e+00
3.797694536498497087e-02
-9.080461382885297427e-04
-2.530282766516305225e-07
-1.495162847143752192e-06
-2.144352370024551341e-02
2.464935642454035933e-07
2.194836303114098761e-02
1.809551022016019388e-03
2.416326131800037421e-07
9.193772847852330239e-04
9.616519207847808051e-07
-4.974807623930681787e-03
-0.000000000000000000e+00
-4.862236078090022978e-03
4.819476476028352886e-05
4.960366921786771820e-03
-2.297937489538960651e-07
-2.697101867218194208e-04
-4.973623549046169959e-06
-3.580182028398538408e-04
-2.247386489645139976e-06
6.073297187636305002e-03
2.235242468297110732e-07
0.000000000000000000e+00
3.513885414158282334e-03
-3.750785575931378397e-06
7.037578213218058452e-05
-6.578398272313031259e-07
-6.147345233695446914e-03
-3.283583989287356536e-02
1.073025923140106503e-06
1.064555217919193816e-02
-2.126807806041432782e-07
6.337990577119510360e-07
-1.706969118959750578e-02
0.000000000000000000e+00
-2.062437265063668729e-07
3.719895678074068568e-02
2.042026332962895418e-07
-8.624938486316159614e-03
-1.007505003727763858e-06
2.500105630088176115e-02
-8.920978957102004836e-03
2.414512659715992670e-05
1.984466823161287776e-07
1.976953095131816943e-07
6.039848310319450263e-03
5.262650614536255444e-04
-9.473525460259609289e-05
9.072546179421206100e-03
1.963580210445155762e-06
-2.510413585294668547e-05
-1.255204381840702027e-05
-1.955390327613021471e-07
8.513350764717619130e-04
-8.434196845598433646e-04
5.842803527862540398e-07
2.413260933520549115e-02
3.875290198624112191e-07
-3.407127104999022743e-02
-1.527058637344727318e-06
2.471038726788992584e-02
-1.889845745985369702e-07
0.000000000000000000e+00
-1.146398860836052476e-02
-2.376713600229739612e-02
-2.367296375008955529e-06
1.398483252682009492e-03
-7.370576810385930813e-06
-3.241018727508183494e-03
-2.070112349336232627e-05
6.900348865052805454e-07
-1.267910120292131286e-05
-4.134479692257194351e-07
-9.279193696595101662e-06
-7.996468367279630873e-05
5.717090515926825435e-06
-1.120268113404777324e-03
1.359953659023715815e-04
0.000000000000000000e+00
5.301244406776291348e-04
-0.000000000000000000e+00
5.212267242224319841e-04
1.757820060703307185e-06
5.165102165554890084e-04
8.084757837615650992e-07
-1.464677295842742939e-04
1.347266539007602715e-07
-4.832406150209516077e-04
