0.000000000000000000e+00
0.000000000000000000e+00
0.000000000000000000e+00
0.000000000000000000e+00
0.000000000000000000e+00
0.000000000000000000e+00
-1.042968085667167477e-02
-2.231367718647973443e-05
4.896872422224094199e-06
-2.677986688635291407e-03
8.039344670924511357e-07
-1.474260459516614236e-03
3.250709152837693109e-09
4.549573315511627573e-03
-3.919131789126620732e-06
7.163225971163088654e-09
1.975244660753085466e-09
2.739510096775683103e-06
1.351755370733314872e-07
-4.657073956939771966e-07
-1.627216025915747928e-05
5.064578665821744402e-02
1.782618943479484905e-06
2.066824605546098714e-06
-1.911350762012558810e-02
1.750327925299659526e-01
-2.028675691691948421e-05
1.211115615054767503e-01
3.140244125172457729e-04
-1.708224776418058519e-02
-2.197851441777802499e-06
1.142936859074279547e-02
0.000000000000000000e+00
-1.051930857843121495e-05
1.005198876540897360e-02
-3.373309787468799920e-03
-1.508280520721936224e-06
9.821706287572229410e-02
-1.099869362089021551e-06
-3.127893364094517376e-02
2.877416246790825315e-05
-2.750419909931324235e-06
6.743746233209004545e-07
9.503913179136555534e-02
-4.277759219808813468e-06
1.947943133097554782e-04
1.616617188747808328e-06
-4.325444244568616564e-03
1.263342078056810714e-06
9.429911960914096247e-07
-3.825020245974006076e-03
4.905125787485320465e-02
7.019261500400882447e-06
1.203026869567453965e-06
1.166796335402705935e-03
3.203280419846825966e-06
-1.590178803338309754e-03
-0.000000000000000000e+00
4.192779128710723974e-02
-1.002512671815047928e-03
-2.793515031613757338e-07
-1.650708744286734509e-06
-2.367435236097186271e-02
2.721369666772969209e-07
2.423171151389689332e-02
1.997803584392872454e-03
2.667703175229696669e-07
1.015022628600446841e-03
1.061695211081546221e-06
-5.492350523325403855e-03
-0.000000000000000000e+00
-5.368067850416541678e-03
5.320859849522019646e-05
5.476407515279070257e-03
-2.536998237384351659e-07
-2.977688781495720603e-04
-5.491043265878841740e-06
-3.952638197040141653e-04
-2.481188278143742019e-06
6.705118973117050844e-03
2.467780880903841226e-07
0.000000000000000000e+00
3.879444563950572560e-03
-4.140990100150078056e-06
7.769716801987890564e-05
-7.262767110788052418e-07
-6.786870440765323080e-03
-3.625184249375232315e-02
1.184655756767491768e-06
1.175303820819412724e-02
-2.348065462940398250e-07
6.997349142833682727e-07
-1.884549804241741899e-02
0.000000000000000000e+00
-2.276998277804378821e-07
4.106886641385974757e-02
2.254463940382770937e-07
-9.522214523652108853e-03
-1.112318516169069008e-06
2.760198484807764585e-02
-9.849052897627550915e-03
2.665701042664424080e-05
2.190916356701247827e-07
2.182620954909975766e-07
6.668190317232519822e-03
5.810138610744742171e-04
-1.045908233096299846e-04
1.001638807433255680e-02
2.167856852303507363e-06
-2.771578804903049233e-05
-1.385786740842057754e-05
-2.158814953468531841e-07
9.399018024923142846e-04
-9.311629506218167514e-04
6.450646424913996374e-07
2.664319095955262548e-02
4.278447280667656746e-07
-3.761579894699924181e-02
-1.685922741137488735e-06
2.728107671732146744e-02
-2.086451589009558230e-07
0.000000000000000000e+00
-1.265661882675500616e-02
-2.623969643212540476e-02
-2.613572718189582262e-06
1.543971306102684751e-03
-8.137358157730709013e-06
-3.578190806516509583e-03
-2.285471822171844216e-05
7.618211107861065869e-07
-1.399814292158264180e-05
-4.564600969133569273e-07
-1.024453370023259332e-05
-8.828362932169392700e-05
6.311855143101897314e-06
-1.236812681826272419e-03
1.501433373002581881e-04
0.000000000000000000e+00
5.852747421181352756e-04
-0.000000000000000000e+00
5.754513717843714538e-04
1.940690909106443942e-06
5.702441928719265704e-04
8.925837398573184949e-07
-1.617051697361637883e-04
1.487426377048649296e-07
-5.335134633216916675e-04
