0.000000000000000000e+00
0.000000000000000000e+00
0.000000000000000000e+00
0.000000000000000000e+00
0.000000000000000000e+00
0.000000000000000000e+00
-3.731046361356902707e+00
-8.667727971726435499e-03
8.926761959827445025e-03
-9.499548940942048603e+00
-4.058520918590602378e-04
-5.026893206116085366e-01
-5.792816095890884753e-04
3.688606927575506234e-01
5.799192425998000999e-01
-1.986352792300749570e-03
2.386813966381851060e-05
9.272702221693407409e-03
2.516151927522969345e-04
1.518596770608837687e-04
4.723282996002353684e-01
-5.740937032110196014e-01
-1.569602907352418697e-03
-4.051605761219434498e-04
-1.793313178811464468e+02
-1.793313178811464468e+02
-1.793313178811464468e+02
-1.793313178811464468e+02
-1.793313178811464468e+02
-1.793313178811464468e+02
-1.793313178811464468e+02
-1.793313178811464468e+02
-1.793313178811464468e+02
-1.793313178811464468e+02
-1.793313178811464468e+02
-1.793313178811464468e+02
-1.793313178811464468e+02
-1.793313178811464468e+02
-1.793313178811464468e+02
-1.793313178811464468e+02
-1.793313178811464468e+02
-1.793313178811464468e+02
-1.793313178811464468e+02
-1.793313178811464468e+02
-1.793313178811464468e+02
-1.793313178811464468e+02
-1.793313178811464468e+02
-1.793313178811464468e+02
-1.793313178811464468e+02
-1.793313178811464468e+02
-1.793313178811464468e+02
-1.793313178811464468e+02
-1.793313178811464468e+02
-1.793313178811464468e+02
-1.793313178811464468e+02
-1.793313178811464468e+02
-1.793313178811464468e+02
-1.793313178811464468e+02
-1.793313178811464468e+02
-1.793313178811464468e+02
-1.793313178811464468e+02
-1.793313178811464468e+02
-1.793313178811464468e+02
-1.793313178811464468e+02
-1.793313178811464468e+02
-1.793313178811464468e+02
-1.793313178811464468e+02
-1.793313178811464468e+02
-1.793313178811464468e+02
-1.793313178811464468e+02
-1.793313178811464468e+02
-1.793313178811464468e+02
-1.793313178811464468e+02
-1.793313178811464468e+02
-1.793313178811464468e+02
-1.793313178811464468e+02
-1.793313178811464468e+02
-1.793313178811464468e+02
-1.793313178811464468e+02
-1.793313178811464468e+02
-1.793313178811464468e+02
-1.793313178811464468e+02
-1.793313178811464468e+02
-1.793313178811464468e+02
-1.793313178811464468e+02
-1.793313178811464468e+02
-1.793313178811464468e+02
-1.793313178811464468e+02
-1.793313178811464468e+02
-1.793313178811464468e+02
-1.793313178811464468e+02
-1.793313178811464468e+02
-1.793313178811464468e+02
-1.793313178811464468e+02
-1.793313178811464468e+02
-1.793313178811464468e+02
-1.793313178811464468e+02
-1.793313178811464468e+02
-1.793313178811464468e+02
-1.793313178811464468e+02
-1.793313178811464468e+02
-1.793313178811464468e+02
-1.793313178811464468e+02
-1.793313178811464468e+02
-1.793313178811464468e+02
-1.793313178811464468e+02
-1.793313178811464468e+02
-1.793313178811464468e+02
-1.793313178811464468e+02
-1.793313178811464468e+02
-1.793313178811464468e+02
-1.793313178811464468e+02
-1.793313178811464468e+02
-1.793313178811464468e+02
-1.793313178811464468e+02
-1.793313178811464468e+02
-1.793313178811464468e+02
-1.793313178811464468e+02
-1.793313178811464468e+02
-1.793313178811464468e+02
-1.793313178811464468e+02
-1.793313178811464468e+02
-1.793313178811464468e+02
-1.793313178811464468e+02
-1.793313178811464468e+02
-1.793313178811464468e+02
-1.793313178811464468e+02
-1.793313178811464468e+02
-1.793313178811464468e+02
-1.793313178811464468e+02
-1.793313178811464468e+02
-1.793313178811464468e+02
-1.793313178811464468e+02
-1.793313178811464468e+02
-1.793313178811464468e+02
-1.793313178811464468e+02
-1.793313178811464468e+02
-1.793313178811464468e+02
-1.793313178811464468e+02
-1.793313178811464468e+02
-1.793313178811464468e+02
-1.793313178811464468e+02
-1.793313178811464468e+02
-1.793313178811464468e+02
-1.793313178811464468e+02
-1.793313178811464468e+02
-1.793313178811464468e+02
