0.000000000000000000e+00
0.000000000000000000e+00
0.000000000000000000e+00
0.000000000000000000e+00
0.000000000000000000e+00
0.000000000000000000e+00
3.052021681932569841e+00
-7.344028145011005648e-03
8.880884767425989423e-03
-1.871263191101995016e-01
1.611740786549020754e-04
6.493935990858741292e-01
3.222597093572865390e-04
-2.062084365837921762e-01
-6.111567547134555412e-02
-7.730374418812857584e-06
-3.710267130907496380e-05
-8.435125572323176613e-03
-2.095913991682074595e-04
-1.696489253761868099e-04
8.854819133498859074e-02
-1.695312517887470616e-01
2.612170711295824788e-04
-3.014671361478704625e-05
-2.139786897239736696e+00
-2.139786897239736696e+00
-2.139786897239736696e+00
-2.139786897239736696e+00
-2.139786897239736696e+00
-2.139786897239736696e+00
-2.139786897239736696e+00
-2.139786897239736696e+00
-2.139786897239736696e+00
-2.139786897239736696e+00
-2.139786897239736696e+00
-2.139786897239736696e+00
-2.139786897239736696e+00
-2.139786897239736696e+00
-2.139786897239736696e+00
-2.139786897239736696e+00
-2.139786897239736696e+00
-2.139786897239736696e+00
-2.139786897239736696e+00
-2.139786897239736696e+00
-2.139786897239736696e+00
-2.139786897239736696e+00
-2.139786897239736696e+00
-2.139786897239736696e+00
-2.139786897239736696e+00
-2.139786897239736696e+00
-2.139786897239736696e+00
-2.139786897239736696e+00
-2.139786897239736696e+00
-2.139786897239736696e+00
-2.139786897239736696e+00
-2.139786897239736696e+00
-2.139786897239736696e+00
-2.139786897239736696e+00
-2.139786897239736696e+00
-2.139786897239736696e+00
-2.139786897239736696e+00
-2.139786897239736696e+00
-2.139786897239736696e+00
-2.139786897239736696e+00
-2.139786897239736696e+00
-2.139786897239736696e+00
-2.139786897239736696e+00
-2.139786897239736696e+00
-2.139786897239736696e+00
-2.139786897239736696e+00
-2.139786897239736696e+00
-2.139786897239736696e+00
-2.139786897239736696e+00
-2.139786897239736696e+00
-2.139786897239736696e+00
-2.139786897239736696e+00
-2.139786897239736696e+00
-2.139786897239736696e+00
-2.139786897239736696e+00
-2.139786897239736696e+00
-2.139786897239736696e+00
-2.139786897239736696e+00
-2.139786897239736696e+00
-2.139786897239736696e+00
-2.139786897239736696e+00
-2.139786897239736696e+00
-2.139786897239736696e+00
-2.139786897239736696e+00
-2.139786897239736696e+00
-2.139786897239736696e+00
-2.139786897239736696e+00
-2.139786897239736696e+00
-2.139786897239736696e+00
-2.139786897239736696e+00
-2.139786897239736696e+00
-2.139786897239736696e+00
-2.139786897239736696e+00
-2.139786897239736696e+00
-2.139786897239736696e+00
-2.139786897239736696e+00
-2.139786897239736696e+00
-2.139786897239736696e+00
-2.139786897239736696e+00
-2.139786897239736696e+00
-2.139786897239736696e+00
-2.139786897239736696e+00
-2.139786897239736696e+00
-2.139786897239736696e+00
-2.139786897239736696e+00
-2.139786897239736696e+00
-2.139786897239736696e+00
-2.139786897239736696e+00
-2.139786897239736696e+00
-2.139786897239736696e+00
-2.139786897239736696e+00
-2.139786897239736696e+00
-2.139786897239736696e+00
-2.139786897239736696e+00
-2.139786897239736696e+00
-2.139786897239736696e+00
-2.139786897239736696e+00
-2.139786897239736696e+00
-2.139786897239736696e+00
-2.139786897239736696e+00
-2.139786897239736696e+00
-2.139786897239736696e+00
-2.139786897239736696e+00
-2.139786897239736696e+00
-2.139786897239736696e+00
-2.139786897239736696e+00
-2.139786897239736696e+00
-2.139786897239736696e+00
-2.139786897239736696e+00
-2.139786897239736696e+00
-2.139786897239736696e+00
-2.139786897239736696e+00
-2.139786897239736696e+00
-2.139786897239736696e+00
-2.139786897239736696e+00
-2.139786897239736696e+00
-2.139786897239736696e+00
-2.139786897239736696e+00
-2.139786897239736696e+00
-2.139786897239736696e+00
-2.139786897239736696e+00
-2.139786897239736696e+00
-2.139786897239736696e+00
