0.0000000000E+00 0.0000000000E+00 0.0000000000E+00 0.0000000000E+00 0.0000000000E+00   0.0000000000E+00 3.3525414608E-02 6.3864422883E-02 2.1221752454E-01 -3.3084883836E-03      2.0234935784E-03 -1.1978703521E-01 -2.2761757409E-02 -2.2760562929E-02 4.7646511412E-03     -4.6137619561E-02 -5.8743799122E-04 4.3531673439E-02 -3.7006000907E-02 -2.0413232521E-02   -2.4307989289E-02 3.6970329966E-02 -2.3119716733E-01 -2.0576760710E-01 -2.0092298978E-02    3.6753071624E-02 3.2601187481E-02 1.2952684881E-02 3.5805721209E-02 -3.5629755706E-02 
0.0000000000E+00 0.0000000000E+00 0.0000000000E+00 0.0000000000E+00 0.0000000000E+00   0.0000000000E+00 5.0365329854E-02 1.2061394293E-01 -1.3267098448E-02 -5.0682841514E-03     2.7758532022E-03 -3.5702880473E-02 -3.4504262142E-02 -3.3607586120E-02 7.2010900533E-03     -6.4778883137E-02 -8.8805029731E-04 4.8280684612E-02 8.3557868449E-02 7.5883992168E-02     -2.3161882350E-03 -3.7296477207E-02 1.0236162935E-01 9.7723063475E-02 9.0167886207E-03      -2.4322674849E-02 -2.9908127197E-02 -1.9966243458E-02 5.4559223326E-02 -5.4201325198E-02 
0.0000000000E+00 0.0000000000E+00 0.0000000000E+00 0.0000000000E+00 0.0000000000E+00   0.0000000000E+00 1.6767945359E-01 -4.8790929019E-02 -3.8828962668E-02 -1.5949690335E-02    8.7609117952E-03 3.6329349481E-02 -1.1364626782E-01 -1.0879560112E-01 2.3490581734E-02      2.8763572903E-02 -4.0574956258E-03 -2.3517589546E-02 -1.8066557075E-02 -1.9058885336E-02   5.6373048736E-03 3.9422281580E-03 1.5480998317E-02 1.1727367560E-02 1.2975435189E-03        2.6211220232E-05 2.5769522911E-03 3.4880934123E-03 -2.3923344306E-02 2.3775833607E-02 
0.0000000000E+00 0.0000000000E+00 0.0000000000E+00 0.0000000000E+00 0.0000000000E+00   0.0000000000E+00 -3.8258978735E-02 -6.7920035022E-02 1.1334917317E-01 1.0172961633E-02     -3.2639705705E-02 -9.2449404323E-02 7.5520614190E-03 6.1365206569E-03 -1.6506727414E-02     6.4442633469E-03 1.1637883789E-02 -7.9121816639E-02 1.9315993776E-02 -1.4986112391E-02     9.8068999740E-02 7.8432670168E-02 2.0666653117E-01 3.0358108887E-01 -1.8336181569E-03       -2.3566783167E-03 -5.9431519529E-03 -8.8043660379E-03 -7.7884990515E-04 1.7153121540E-03 
0.0000000000E+00 0.0000000000E+00 0.0000000000E+00 0.0000000000E+00 0.0000000000E+00   0.0000000000E+00 -5.7382102534E-02 -1.5285200486E-01 -1.3138442485E-01 1.5605447838E-02    -4.9564542032E-02 -9.8193209088E-02 1.1354102639E-02 9.5098503993E-03 -2.5009016931E-02     3.7606295024E-02 1.7543780539E-02 -1.6695556712E-01 -7.8272441736E-02 -7.1023455283E-02    -2.7993132913E-02 8.7119493602E-03 -7.5557152553E-02 -8.4019128376E-02 4.8569491620E-02     -1.9466471699E-02 3.0253748241E-02 5.4041573990E-02 7.6485523144E-03 -9.2820884587E-03 
0.0000000000E+00 0.0000000000E+00 0.0000000000E+00 0.0000000000E+00 0.0000000000E+00   0.0000000000E+00 -1.9129114719E-01 5.9421110687E-02 1.7369498387E-02 5.0335266666E-02      -1.6206194423E-01 4.8154970239E-02 3.7694012835E-02 3.3948999830E-02 -8.1423738459E-02      -1.2397507638E-02 5.8069832840E-02 6.7150632694E-02 2.0064116199E-02 2.4720799523E-02      -1.1242089326E-02 -1.8486617879E-02 -1.8724896602E-02 -3.5717038422E-02 -1.4470826458E-02   6.4243119970E-03 -8.0528101469E-03 -1.4723982045E-02 -2.1777352083E-03 2.4902697706E-03 
0.0000000000E+00 0.0000000000E+00 0.0000000000E+00 0.0000000000E+00 0.0000000000E+00   0.0000000000E+00 -3.8260673534E-02 -6.7921885320E-02 -1.1333685441E-01 1.0232414005E-02    3.2643199953E-02 9.2449311901E-02 7.5572089633E-03 -6.1364219125E-03 1.6510242746E-02       6.4432164977E-03 1.1641218081E-02 7.9121665851E-02 -1.9315621895E-02 -1.4986113343E-02     9.8068643198E-02 -7.8431836009E-02 2.0666640613E-01 -3.0357866419E-01 1.8336936046E-03      -2.3567358630E-03 5.9484857164E-03 -8.8001085620E-03 7.7757673319E-04 1.7159095312E-03 
0.0000000000E+00 0.0000000000E+00 0.0000000000E+00 0.0000000000E+00 0.0000000000E+00   0.0000000000E+00 -5.7380936398E-02 -1.5285472272E-01 1.3140320711E-01 1.5536870843E-02     4.9561562617E-02 9.8193019516E-02 1.1356899205E-02 -9.5063424485E-03 2.5010960144E-02       3.7604584440E-02 1.7544394695E-02 1.6695497202E-01 7.8272244575E-02 -7.1025308295E-02      -2.7994387587E-02 -8.7117525923E-03 -7.5559678518E-02 8.4020788565E-02 -4.8572910691E-02    -1.9465872757E-02 -3.0287591390E-02 5.4020439602E-02 -7.6416089677E-03 -9.2878618041E-03 
0.0000000000E+00 0.0000000000E+00 0.0000000000E+00 0.0000000000E+00 0.0000000000E+00   0.0000000000E+00 -1.9129094201E-01 5.9412187921E-02 -1.7308650512E-02 5.0344286405E-02     1.6206185477E-01 -4.8155092919E-02 3.7700844011E-02 -3.3941554741E-02 8.1422401802E-02      -1.2404256908E-02 5.8069210899E-02 -6.7151720917E-02 -2.0060484507E-02 2.4720363098E-02    -1.1245913302E-02 1.8487425967E-02 -1.8732456705E-02 3.5723620160E-02 1.4470457932E-02      6.4236931403E-03 8.0610511861E-03 -1.4716563487E-02 2.1756002420E-03 2.4916894136E-03 
0.0000000000E+00 0.0000000000E+00 0.0000000000E+00 0.0000000000E+00 0.0000000000E+00   0.0000000000E+00 3.3536313825E-02 6.3864614922E-02 -2.1222097654E-01 -3.1989298036E-03     -2.0247917836E-03 1.1978723912E-01 -2.2768516518E-02 2.2759255796E-02 -4.7716040732E-03     -4.6137113072E-02 -5.8543460386E-04 -4.3531372626E-02 3.7004992300E-02 -2.0413418444E-02   -2.4307571995E-02 -3.6970311550E-02 -2.3119629064E-01 2.0576478930E-01 2.0092236524E-02     3.6751478511E-02 -3.2609132688E-02 1.2932548677E-02 -3.5779445027E-02 -3.5657089879E-02 
0.0000000000E+00 0.0000000000E+00 0.0000000000E+00 0.0000000000E+00 0.0000000000E+00   0.0000000000E+00 5.0361930935E-02 1.2061404623E-01 1.3261681354E-02 -5.0770171223E-03      -2.7735272286E-03 3.5703235370E-02 -3.4508346264E-02 3.3597596024E-02 -7.2074246519E-03     -6.4778288742E-02 -8.8648895862E-04 -4.8279941588E-02 -8.3557633796E-02 7.5886121550E-02   -2.3161107305E-03 3.7296853594E-02 1.0236444527E-01 -9.7724958816E-02 -9.0170386429E-03     -2.4323125855E-02 2.9921883566E-02 -1.9947960041E-02 -5.4518049098E-02 -5.4241802465E-02 
0.0000000000E+00 0.0000000000E+00 0.0000000000E+00 0.0000000000E+00 0.0000000000E+00   0.0000000000E+00 1.6767823374E-01 -4.8790408180E-02 3.8811928381E-02 -1.5968981041E-02     -8.7609118922E-03 -3.6329025563E-02 -1.1366959289E-01 1.0877269559E-01 -2.3487068721E-02    2.8765235189E-02 -4.0583124493E-03 2.3519040583E-02 1.8062938153E-02 -1.9057146624E-02     5.6380952195E-03 -3.9409376370E-03 1.5489013279E-02 -1.1735081183E-02 -1.2982764517E-03     2.4999574618E-05 -2.5779241933E-03 3.4857410193E-03 2.3905730639E-02 2.3794017737E-02 
0.0000000000E+00 0.0000000000E+00 0.0000000000E+00 0.0000000000E+00 0.0000000000E+00   0.0000000000E+00 -7.5651620014E-02 -2.2608832383E-01 -2.3746669905E-01 -6.1082987732E-02   -1.8467090116E-02 -6.9003861728E-03 -4.9592539784E-03 -1.3448152270E-02 -1.1315076706E-01   3.5814690952E-01 -1.1318413605E-01 5.0592446090E-01 -5.5445630853E-01 6.2757173828E-01     -1.3246014976E-01 2.4374638951E-01 -1.4806321044E-01 3.7440492083E-01 -4.1286689036E-02     -1.4381946179E-02 -2.3807633141E-02 4.4627830995E-02 -8.3083139335E-03 -5.8805833424E-03 
0.0000000000E+00 0.0000000000E+00 0.0000000000E+00 0.0000000000E+00 0.0000000000E+00   0.0000000000E+00 -1.1529850818E-01 -1.5298964351E-01 1.2475235180E-01 -9.2445245943E-02    -2.7764466403E-02 1.0201631401E-01 -5.7984514171E-03 -1.9933649921E-02 -1.7125549560E-01    4.0977813829E-02 -1.6915534797E-01 1.7516611243E-01 7.5902444470E-02 -6.9043574141E-02     -3.9500944981E-02 -1.0386058308E-02 -1.0655400174E-01 1.1035166280E-01 5.7918402435E-01     2.4880064350E-01 3.3029262541E-01 -6.1886734733E-01 7.2841718746E-02 9.7112127910E-02 
0.0000000000E+00 0.0000000000E+00 0.0000000000E+00 0.0000000000E+00 0.0000000000E+00   0.0000000000E+00 -3.8111279501E-01 8.9891902080E-02 9.7252570612E-03 -3.0335370817E-01     -9.1128992619E-02 -2.9107767554E-02 -1.8307699608E-02 -6.8119971561E-02 -5.6130342527E-01   -8.7677075695E-02 -5.5284090788E-01 -1.5495483508E-01 8.9169582659E-02 -1.0582554881E-01   3.8431834258E-02 -4.5850168146E-02 6.2111858766E-02 -1.0941468437E-01 -1.6851831156E-01     -7.3090116350E-02 -9.5984813308E-02 1.7999889949E-01 -2.0601047788E-02 -2.8479048628E-02 
0.0000000000E+00 0.0000000000E+00 0.0000000000E+00 0.0000000000E+00 0.0000000000E+00   0.0000000000E+00 8.0746397914E-02 3.8822235701E-01 -5.2214266641E-01 7.2604434725E-02      6.0175087929E-02 -3.3670966343E-01 9.1949501614E-02 -1.0664551504E-01 -4.7800778486E-02     4.0259745277E-01 -6.1640632049E-02 2.7086429596E-01 3.8840766897E-01 -2.5972239101E-01     -4.3867110601E-01 3.9892737356E-01 3.9234623484E-01 -2.7234577259E-01 -2.2400521517E-02     -5.2235852522E-02 5.4010189863E-02 -2.6881975053E-02 -5.0725127253E-02 -5.1892251928E-02 
0.0000000000E+00 0.0000000000E+00 0.0000000000E+00 0.0000000000E+00 0.0000000000E+00   0.0000000000E+00 1.2481690739E-01 1.3950198423E-01 -3.1282355670E-03 1.0980588272E-01      9.0652530648E-02 5.8921270792E-03 1.4112255790E-01 -1.5800459914E-01 -7.3094541933E-02      -3.5179152219E-02 -9.0990330684E-02 -2.4179350449E-02 -7.1767197748E-02 6.1077412213E-02   -9.9708446010E-03 5.3625857732E-02 1.6160183072E-01 -1.4799092621E-01 2.3635179027E-01      4.8012458139E-01 -4.9274900681E-01 2.5588553092E-01 3.9473847986E-01 3.9560824317E-01 
0.0000000000E+00 0.0000000000E+00 0.0000000000E+00 0.0000000000E+00 0.0000000000E+00   0.0000000000E+00 4.1173361111E-01 -1.1823458971E-01 1.0676709228E-01 3.5937076984E-01      2.9621671726E-01 7.2256223040E-02 4.6082107915E-01 -5.1591044706E-01 -2.3882210830E-01      -7.0911885753E-02 -2.9761434949E-01 -4.6907819175E-02 -5.6778995386E-02 3.4140144776E-02   9.1570559837E-02 -9.6753172630E-02 -1.2810694074E-01 1.0002594863E-01 -6.7833199169E-02     -1.3641558791E-01 1.3986564425E-01 -7.2857114556E-02 -1.1055316208E-01 -1.1060551820E-01 
0.0000000000E+00 0.0000000000E+00 0.0000000000E+00 0.0000000000E+00 0.0000000000E+00   0.0000000000E+00 5.1266144636E-02 -1.1380028197E-01 -5.5225205713E-02 -9.4115081713E-02    -1.1452796794E-01 4.0797468908E-01 9.4290251640E-02 -7.7098038393E-02 5.0199547505E-02      -2.8776108170E-01 4.3115189994E-02 -1.8647862227E-01 3.0257022284E-02 5.3959271010E-02     -3.0778112406E-01 2.6874072515E-01 4.8009021959E-02 1.6315811631E-03 -2.1482369143E-01      -3.4321871474E-01 2.7394941538E-01 -6.6991299218E-02 4.6573840829E-01 4.6220114130E-01 
0.0000000000E+00 0.0000000000E+00 0.0000000000E+00 0.0000000000E+00 0.0000000000E+00   0.0000000000E+00 7.4101697842E-02 3.9763887591E-01 -2.3794025389E-01 -1.4242193515E-01     -1.7208028135E-01 -4.0517399899E-01 1.4055555826E-01 -1.2375864215E-01 7.5841747633E-02     3.1799784316E-01 6.1673205160E-02 1.8611993863E-01 -5.4905343113E-02 -4.9952966634E-02     4.1064040499E-01 -4.2398674540E-01 -3.7444581142E-01 2.6536047346E-01 -1.3153670211E-01     -2.0714982357E-01 1.6411795266E-01 -4.3015555582E-02 2.6584074925E-01 2.6427590963E-01 
0.0000000000E+00 0.0000000000E+00 0.0000000000E+00 0.0000000000E+00 0.0000000000E+00   0.0000000000E+00 2.5073323534E-01 -9.8281637572E-02 8.4336146610E-02 -4.6573659166E-01     -5.6426724908E-01 4.4825914038E-02 4.6270799199E-01 -3.9517084964E-01 2.4842861892E-01      -3.6359726240E-02 2.0686877020E-01 -1.8869539547E-02 1.0621618673E-02 4.2093096070E-03     -6.3185326806E-02 7.5273863268E-02 1.0463865016E-01 -8.1544183269E-02 8.3616157026E-02      1.3266512045E-01 -1.0549578697E-01 2.6682550938E-02 -1.7533071959E-01 -1.7412503922E-01 
0.0000000000E+00 0.0000000000E+00 0.0000000000E+00 0.0000000000E+00 0.0000000000E+00   0.0000000000E+00 -7.5639978482E-02 -2.2608260163E-01 2.3738561360E-01 -6.1201405481E-02    1.8456131624E-02 6.9043985451E-03 -4.9659127687E-03 1.3449983752E-02 1.1318214940E-01       3.5813432420E-01 -1.1317707084E-01 -5.0592421590E-01 5.5446976464E-01 6.2756517709E-01     -1.3245909906E-01 -2.4374789587E-01 -1.4806192474E-01 -3.7440582674E-01 4.1287626646E-02    -1.4384032362E-02 2.3781750553E-02 4.4648605744E-02 8.3132447126E-03 -5.8750602071E-03 
0.0000000000E+00 0.0000000000E+00 0.0000000000E+00 0.0000000000E+00 0.0000000000E+00   0.0000000000E+00 -1.1530471655E-01 -1.5298144389E-01 -1.2487489078E-01 -9.2389494861E-02   2.7768293431E-02 -1.0200913491E-01 -5.8046897057E-03 1.9935010295E-02 1.7127537672E-01      4.0959433771E-02 -1.6917217167E-01 -1.7516765756E-01 -7.5899814234E-02 -6.9038819035E-02   -3.9502278478E-02 1.0384842689E-02 -1.0655520393E-01 -1.1035358878E-01 -5.7914399484E-01    2.4880794588E-01 -3.2990561000E-01 -6.1910054475E-01 -7.2914821196E-02 9.7057181311E-02 
0.0000000000E+00 0.0000000000E+00 0.0000000000E+00 0.0000000000E+00 0.0000000000E+00   0.0000000000E+00 -3.8111373045E-01 8.9919279189E-02 -1.0127516396E-02 -3.0334723016E-01    9.1131572997E-02 2.9131662211E-02 -1.8319154507E-02 6.8115995945E-02 5.6129101445E-01       -8.7736590217E-02 -5.5283645059E-01 1.5495147602E-01 -8.9160283609E-02 -1.0581519551E-01   3.8427364606E-02 4.5847741884E-02 6.2107089869E-02 1.0941227873E-01 1.6852279311E-01        -7.3099165088E-02 9.5881404434E-02 1.8008394019E-01 2.0624855949E-02 -2.8466828984E-02 
0.0000000000E+00 0.0000000000E+00 0.0000000000E+00 0.0000000000E+00 0.0000000000E+00   0.0000000000E+00 8.0723853247E-02 3.8821982811E-01 5.2224122645E-01 7.2317344206E-02       -6.0172761497E-02 3.3671163499E-01 9.1918824725E-02 1.0665477495E-01 4.7835950014E-02       4.0259382389E-01 -6.1623117339E-02 -2.7086876945E-01 -3.8841532429E-01 -2.5971795380E-01   -4.3867015569E-01 -3.9893053547E-01 3.9234698043E-01 2.7234805954E-01 2.2401413409E-02      -5.2239098378E-02 -5.3994780681E-02 -2.6916484757E-02 5.0766827025E-02 -5.1856872967E-02 
0.0000000000E+00 0.0000000000E+00 0.0000000000E+00 0.0000000000E+00 0.0000000000E+00   0.0000000000E+00 1.2482433642E-01 1.3949920103E-01 3.2779641265E-03 1.0981220360E-01       -9.0656596642E-02 -5.8875444027E-03 1.4109706766E-01 1.5804192707E-01 7.3095360281E-02      -3.5185751784E-02 -9.0996328072E-02 2.4175417221E-02 7.1762915753E-02 6.1072964474E-02     -9.9742209661E-03 -5.3629183641E-02 1.6160556063E-01 1.4799416234E-01 -2.3634813516E-01     4.8012968703E-01 4.9257610202E-01 2.5618618622E-01 -3.9503901951E-01 3.9531538058E-01 
0.0000000000E+00 0.0000000000E+00 0.0000000000E+00 0.0000000000E+00 0.0000000000E+00   0.0000000000E+00 4.1173584439E-01 -1.1824560477E-01 -1.0627886496E-01 3.5942651856E-01     -2.9621797037E-01 -7.2243711701E-02 4.6071232312E-01 5.1600399250E-01 2.3881465572E-01      -7.0935997161E-02 -2.9761549983E-01 4.6896366699E-02 5.6764079006E-02 3.4129998302E-02     9.1560082623E-02 9.6744941114E-02 -1.2809630083E-01 -1.0002163740E-01 6.7836770196E-02      -1.3642666016E-01 -1.3982613028E-01 -7.2946994715E-02 1.1064499783E-01 -1.1053123394E-01 
0.0000000000E+00 0.0000000000E+00 0.0000000000E+00 0.0000000000E+00 0.0000000000E+00   0.0000000000E+00 5.1252745556E-02 -1.1380050927E-01 5.5102077803E-02 -9.4125842645E-02     1.1451043267E-01 -4.0798200145E-01 9.4253368102E-02 7.7101345771E-02 -5.0225140048E-02      -2.8775875680E-01 4.3099131531E-02 1.8648106311E-01 -3.0255236058E-02 5.3960535454E-02     -3.0778348720E-01 -2.6874621590E-01 4.8012098107E-02 -1.6282778372E-03 2.1482170709E-01     -3.4323314745E-01 -2.7390782485E-01 -6.7157506932E-02 -4.6608296656E-01 4.6184916153E-01 
0.0000000000E+00 0.0000000000E+00 0.0000000000E+00 0.0000000000E+00 0.0000000000E+00   0.0000000000E+00 7.4106048216E-02 3.9763869209E-01 2.3775380940E-01 -1.4255503743E-01      1.7208830650E-01 4.0516026725E-01 1.4054283470E-01 1.2379719299E-01 -7.5810120792E-02       3.1800254953E-01 6.1686527075E-02 -1.8611622289E-01 5.4906548120E-02 -4.9951461853E-02     4.1063392729E-01 4.2398445741E-01 -3.7444267602E-01 -2.6535898162E-01 1.3153673722E-01      -2.0716035415E-01 -1.6409271575E-01 -4.3115399470E-02 -2.6604046051E-01 2.6407766432E-01 
0.0000000000E+00 0.0000000000E+00 0.0000000000E+00 0.0000000000E+00 0.0000000000E+00   0.0000000000E+00 2.5073444054E-01 -9.8280806026E-02 -8.4944183060E-02 -4.6569205012E-01    5.6426698900E-01 -4.4864717917E-02 4.6262670726E-01 3.9526550145E-01 -2.4843468826E-01      -3.6343526561E-02 2.0686871183E-01 1.8880027904E-02 -1.0616153505E-02 4.2147198416E-03     -6.3198791255E-02 -7.5288211827E-02 1.0464669563E-01 8.1555764841E-02 -8.3611084980E-02     1.3266354937E-01 1.0547306520E-01 2.6744737541E-02 1.7545039396E-01 -1.7398260509E-01 
