3.008059775821 -0.616416133887 -0.457095656948
0.761880729954 0.537182451853 -0.354956244272
-1.567968703109 -0.664446791727 0.483299844846
-3.814133175194 0.489174052613 0.585511029895
-1.423665343309 -2.636563197815 1.055896514795
-4.042900105355 2.453044748991 0.031130273414
-5.499885910681 -0.485692452660 1.223928311607
0.617566076463 2.509284136262 -0.927600225245
3.236836560684 -2.580276489194 0.097317148360
4.693817080727 0.358462414307 -1.095483106459
  
  
  
  
  
  
-4.8125397918E-02  
-1.2627821082E-01  
-2.7576582286E-01  
-4.1491061182E-02  
-7.3783173262E-02  
-8.2862201186E-02  
-4.1497081559E-02  
-7.3776391419E-02  
-8.2870626842E-02  
-4.8134618272E-02  
-1.2627621629E-01  
-2.7576594258E-01  
1.0068300557E-02  
7.6242681339E-02  
1.1016464140E-01  
2.5186563467E-02  
