0.000000000000000000e+00
0.000000000000000000e+00
0.000000000000000000e+00
0.000000000000000000e+00
0.000000000000000000e+00
0.000000000000000000e+00
1.770839380189117851e-01
-9.898143269516602918e-04
5.194385054376094053e-03
1.403885422347119806e-02
-3.347836257374106703e-03
6.406897474011060160e-04
-8.488843650924817992e-04
1.648762606751026606e-03
-4.713086068753744864e-07
-1.490767193323634607e-05
8.126121575312188417e-06
1.110395722520710894e-06
2.912785110197966709e-06
-3.177439786598158626e-05
3.481960337865238697e-05
2.798588207393308980e-03
-8.943783452409260516e-04
-1.739901689893622776e-04
4.763852655023137483e-02
-1.456421061781480175e-01
7.538051295704965328e-03
3.901911527148834574e-02
-1.048194397968840869e-01
-2.212663149192612908e-02
-9.712078337575301770e-03
1.706781854741300231e-02
1.167682426004106218e-02
6.609114977770553893e-05
1.636334228033305919e-03
-3.372631169999164291e-02
-8.932862843807433395e-02
-1.241873477100900215e-02
-9.317702482536015240e-03
-2.452436233325938630e-02
-3.636922701122370562e-03
3.175213324578376409e-03
4.302347802492636347e-02
-6.709245718649518853e-02
6.524261513848144539e-03
2.674234571442182795e-02
1.801329188941594439e-02
-2.978901395887670681e-03
9.226139369466184869e-05
-1.922388880967947772e-02
-3.270512995306303766e-02
2.782444524960421550e-02
-5.519553023314126630e-03
7.343805649759583935e-03
1.279395217983806017e-02
1.859566744401650040e-02
1.437767839954048974e-03
-2.104752320551284833e-03
2.594450651303957175e-02
-1.511018698923718203e-03
-1.293685247096515542e-04
-8.095073274075510056e-03
-1.630919322874951373e-03
7.898913418555714855e-03
2.555350464195998983e-02
-3.152107576326748390e-03
-2.776160172439455899e-04
1.421074662216452933e-03
8.265868694420728385e-03
1.686773463288130000e-03
4.272338736583706879e-03
4.359385152391041969e-03
-7.645025880087058523e-03
9.911688700305920120e-04
-3.503477325910541026e-04
1.538081764652738054e-04
-4.052670913301770986e-04
-3.390584830265041486e-04
-1.438919319764315509e-02
-1.569568727094479161e-03
4.819569230472423374e-03
6.294061362321509701e-03
3.668279846247352732e-02
3.550598189130102934e-03
3.780124787223961957e-03
8.194107968906249456e-03
6.112986121899940386e-04
-2.001642571421987163e-02
3.269175116748794518e-02
1.142986897684074819e-02
-2.204528596581166108e-02
-6.945344721703548591e-05
1.224302425966884364e-02
-2.386153578598464078e-03
2.642807029772154329e-02
-6.285340149456591571e-03
-6.550356114150809915e-04
-2.437075505704217743e-02
3.874660398641556979e-04
-1.257377458558557072e-02
-9.591936846789886383e-04
-1.329750331167916426e-03
2.901126232248026765e-03
9.293941032638650471e-03
-2.933559442992987750e-04
1.802286098506158583e-04
-4.259443495005773368e-04
4.013568871439258771e-03
-1.770908470064477000e-03
2.216958293294878438e-02
-1.451677560614252028e-03
-3.419805986362417505e-02
-1.062601250456683862e-02
-1.346149611909360985e-02
3.252600694737944192e-02
4.907683106663656537e-05
-2.730211995302991163e-02
4.271639304503855109e-04
-1.297855931471691981e-03
-2.471188294202636797e-05
-3.123933154056267487e-03
3.068843698212792026e-05
-1.275136599638843608e-05
5.177481580958810457e-06
2.154931370865918459e-05
4.586366765008652053e-05
-7.052712852140526696e-05
3.257817439598671575e-04
-1.075744340035671718e-03
8.523028693812894315e-06
2.492109623792883289e-04
-3.103530644078241548e-04
3.369085606128311349e-04
-7.210182659861693970e-05
5.595176632185000466e-05
-4.361044507172797259e-04
6.018456196931176841e-05
2.563237968810031116e-04
