0.000000000000000000e+00
0.000000000000000000e+00
0.000000000000000000e+00
0.000000000000000000e+00
0.000000000000000000e+00
0.000000000000000000e+00
-1.302827832205211665e-02
-8.472174631067646774e-04
1.302853668904931095e-03
-2.417105575534895037e-03
-5.566211991084726385e-04
-1.709179807391332951e-03
-1.279016086108435060e-04
4.583534841793206541e-03
1.716217768715710496e-06
-6.195633034048191727e-06
-2.011252709192685590e-06
1.171714080552668394e-05
1.238750927066440030e-05
-2.629643810049090308e-05
-2.089807947330454672e-05
1.728247602269402869e-02
1.152475994895664144e-02
8.129319792422674872e-04
5.130835493740006081e-02
-1.568616289955893084e-01
8.118744206090065807e-03
4.202494830695235883e-02
-1.128941932275578514e-01
-2.383115399171147758e-02
-1.046024716987657699e-02
1.838263597666945151e-02
1.257634706741199253e-02
7.118247386261602691e-05
1.762389046177197756e-03
-3.632441422401959386e-02
-9.621004900600953202e-02
-1.337541056884906411e-02
-1.003549061642272124e-02
-2.641359375129887985e-02
-3.917092621080826148e-03
3.419815516074943291e-03
4.633778668231358644e-02
-7.226091687191976698e-02
7.026857245552524563e-03
2.880243922589478811e-02
1.940094374830436327e-02
-3.208380720645499264e-03
9.936873949519588753e-05
-2.070479886241059775e-02
-3.522456585923525868e-02
2.996789817371071224e-02
-5.944751152565303995e-03
7.909534869258431911e-03
1.377953280740304605e-02
2.002818253644789506e-02
1.548526119340755533e-03
-2.266891672316789091e-03
2.794313857384106078e-02
-1.627419849765484065e-03
-1.393344140594200155e-04
-8.718676308188842358e-03
-1.756557004425775238e-03
8.507405300869455220e-03
2.752201591881131212e-02
-3.394929819177103843e-03
-2.990021350479941443e-04
1.530546984585390031e-03
8.902628934001372008e-03
1.816713862090568385e-03
4.601457857398310106e-03
4.695209883787329445e-03
-8.233959565216882742e-03
1.067523449383099435e-03
-3.773367296811958168e-04
1.656567715635235490e-04
-4.364867948737062792e-04
-3.651778140811497175e-04
-1.549766303265128452e-02
-1.690480272589698924e-03
5.190844189139812333e-03
6.778923651957478522e-03
3.950865360256537034e-02
3.824118110283837232e-03
4.071326263335256490e-03
8.825340129290338079e-03
6.583899301317065744e-04
-2.155838875579804345e-02
3.521015644045958487e-02
1.231036761251119022e-02
-2.374354202239396111e-02
-7.480378549660094550e-05
1.318616421857484247e-02
-2.569970643755830307e-03
2.846395363879009738e-02
-6.769530601467429846e-03
-7.054962040373728357e-04
-2.624815335631081395e-02
4.173144414652838808e-04
-1.354239385762344601e-02
-1.033085059323337034e-03
-1.432187494248966320e-03
3.124614156263422725e-03
1.000989870597864505e-02
-3.159545855649785765e-04
1.941124999812716360e-04
-4.587569232375735191e-04
4.322753685598731792e-03
-1.907330199390371017e-03
2.387741419202937462e-02
-1.563507373724458286e-03
-3.683250345291719241e-02
-1.144458614979809198e-02
-1.449850091687047982e-02
3.503164413351023132e-02
5.285745907600035090e-05
-2.940533560828042375e-02
4.600704544649021036e-04
-1.397836113158208455e-03
-2.661555998849029643e-05
-3.364584983543159567e-03
3.305251717835521022e-05
-1.373366600223310646e-05
5.576328276181657179e-06
2.320936259973171157e-05
4.939676998700462304e-05
-7.596017771616652835e-05
3.508783029549193406e-04
-1.158614180945555499e-03
9.179599224226493964e-06
2.684089000646363568e-04
-3.342610768566913978e-04
3.628622726428079983e-04
-7.765618247776689530e-05
6.026200417405654721e-05
-4.696997066772923301e-04
6.482087274503244500e-05
2.760696709501538775e-04
