0.000000000000000000e+00
0.000000000000000000e+00
0.000000000000000000e+00
0.000000000000000000e+00
0.000000000000000000e+00
0.000000000000000000e+00
1.482213059677739246e-02
-1.228158990067243386e-04
-5.491462861769377688e-05
3.043173140134073328e-03
-3.446190045321662971e-05
-2.051204258356525891e-03
-1.672888319015271589e-04
6.351031621642304510e-03
1.924080534789980362e-05
-2.099811963534167439e-06
4.438332111316577340e-06
9.299265163492861366e-06
3.603787032456219660e-06
-1.005253504727902111e-04
2.125586829676899233e-04
2.292306733974673171e-03
4.820813826813181470e-03
1.451299729914008437e-03
4.910858180984481458e-02
-1.501364085781731195e-01
7.770664534546482642e-03
4.022318810463593880e-02
-1.080540144141461240e-01
-2.280942698032009663e-02
-1.001177887148824337e-02
1.759450646668136650e-02
1.203715397974713247e-02
6.813062600378421015e-05
1.686829109227194496e-03
-3.476705635546827045e-02
-9.208517927158887950e-02
-1.280195876406462450e-02
-9.605233154323737296e-03
-2.528114828881699791e-02
-3.749152816803109911e-03
3.273195764133245839e-03
4.435111963640056554e-02
-6.916283229483104200e-02
6.725590682654675884e-03
2.756757539339676349e-02
1.856915573329587232e-02
-3.070825936422671293e-03
9.510844537492514324e-05
-1.981710990406186992e-02
-3.371436243327306098e-02
2.868306693770107316e-02
-5.689878357454813788e-03
7.570424752044885644e-03
1.318875483338743243e-02
1.916950254580693930e-02
1.482135252808408415e-03
-2.169701899034731218e-03
2.674511604107257870e-02
-1.557646526158989195e-03
-1.333606481851189250e-04
-8.344875396543821947e-03
-1.681247108014768217e-03
8.142662334759810314e-03
2.634204842407843541e-02
-3.249377006281944490e-03
-2.861828415320997066e-04
1.464926948019035745e-03
8.520941313778394519e-03
1.738824825516314520e-03
4.404176861844417111e-03
4.493909402741140709e-03
-7.880940198155911292e-03
1.021754891808935445e-03
-3.611589512471570940e-04
1.585544718517592304e-04
-4.177730410792729852e-04
-3.495213319511890739e-04
-1.483322265601619803e-02
-1.618003322571672517e-03
4.968294088468532682e-03
6.488286891111830386e-03
3.781477597567888677e-02
3.660164456617426634e-03
3.896773909853610066e-03
8.446966157222162569e-03
6.301623933587238236e-04
-2.063410333841808608e-02
3.370057079794114285e-02
1.178257801767097074e-02
-2.272557125023480507e-02
-7.159667902484611332e-05
1.262082608331516198e-02
-2.459786788365466055e-03
2.724360189695423234e-02
-6.479296554372377705e-03
-6.752490524160214462e-04
-2.512280091670114970e-02
3.994226751984432432e-04
-1.296178288057856301e-02
-9.887929990000040876e-04
-1.370784481673073280e-03
2.990650744976642954e-03
9.580738460832852882e-03
-3.024084797172724116e-04
1.857902011723866595e-04
-4.390883691970241570e-04
4.137421737103748332e-03
-1.825556115557190216e-03
2.285370383999768551e-02
-1.496474207105691996e-03
-3.525336197751483686e-02
-1.095391571027546675e-02
-1.387689820234807615e-02
3.352971195359537304e-02
5.059127030015476718e-05
-2.814462344635748625e-02
4.403455846313477544e-04
-1.337905867446699450e-03
-2.547445550932800427e-05
-3.220333162544331430e-03
3.163543726659983891e-05
-1.314485450259740180e-05
5.337251090656275994e-06
2.221429401456917878e-05
4.727895335971231817e-05
-7.270349256404631149e-05
3.358348921337355624e-04
-1.108940237129620292e-03
8.786036894664037866e-06
2.569012482157468648e-04
-3.199301060946361771e-04
3.473050660760186896e-04
-7.432678352097830184e-05
5.767835600298483521e-05
-4.495619962784710316e-04
6.204176953380744245e-05
2.642335743879057307e-04
