0.000000000000000000e+00
0.000000000000000000e+00
0.000000000000000000e+00
0.000000000000000000e+00
0.000000000000000000e+00
0.000000000000000000e+00
2.404479519879238580e+01
4.768033114832945785e-01
1.109750966197665889e+00
6.490274721154449367e+00
1.421411187509875163e+00
3.072000023559283477e+00
6.776510961329336169e-01
-2.321654724980987794e+00
7.556307899017156160e-02
2.051416033175712528e-02
3.945744103489801091e-03
2.822284537600694421e-03
-9.779668593253632025e-03
6.725102016635275959e-02
1.030259259370183145e-01
-1.466596903439480570e+00
1.516594996291260600e+00
-4.880728572271237908e-01
-1.189013985232018769e+02
-1.189013985232018769e+02
-1.189013985232018769e+02
-1.189013985232018769e+02
-1.189013985232018769e+02
-1.189013985232018769e+02
-1.189013985232018769e+02
-1.189013985232018769e+02
-1.189013985232018769e+02
-1.189013985232018769e+02
-1.189013985232018769e+02
-1.189013985232018769e+02
-1.189013985232018769e+02
-1.189013985232018769e+02
-1.189013985232018769e+02
-1.189013985232018769e+02
-1.189013985232018769e+02
-1.189013985232018769e+02
-1.189013985232018769e+02
-1.189013985232018769e+02
-1.189013985232018769e+02
-1.189013985232018769e+02
-1.189013985232018769e+02
-1.189013985232018769e+02
-1.189013985232018769e+02
-1.189013985232018769e+02
-1.189013985232018769e+02
-1.189013985232018769e+02
-1.189013985232018769e+02
-1.189013985232018769e+02
-1.189013985232018769e+02
-1.189013985232018769e+02
-1.189013985232018769e+02
-1.189013985232018769e+02
-1.189013985232018769e+02
-1.189013985232018769e+02
-1.189013985232018769e+02
-1.189013985232018769e+02
-1.189013985232018769e+02
-1.189013985232018769e+02
-1.189013985232018769e+02
-1.189013985232018769e+02
-1.189013985232018769e+02
-1.189013985232018769e+02
-1.189013985232018769e+02
-1.189013985232018769e+02
-1.189013985232018769e+02
-1.189013985232018769e+02
-1.189013985232018769e+02
-1.189013985232018769e+02
-1.189013985232018769e+02
-1.189013985232018769e+02
-1.189013985232018769e+02
-1.189013985232018769e+02
-1.189013985232018769e+02
-1.189013985232018769e+02
-1.189013985232018769e+02
-1.189013985232018769e+02
-1.189013985232018769e+02
-1.189013985232018769e+02
-1.189013985232018769e+02
-1.189013985232018769e+02
-1.189013985232018769e+02
-1.189013985232018769e+02
-1.189013985232018769e+02
-1.189013985232018769e+02
-1.189013985232018769e+02
-1.189013985232018769e+02
-1.189013985232018769e+02
-1.189013985232018769e+02
-1.189013985232018769e+02
-1.189013985232018769e+02
-1.189013985232018769e+02
-1.189013985232018769e+02
-1.189013985232018769e+02
-1.189013985232018769e+02
-1.189013985232018769e+02
-1.189013985232018769e+02
-1.189013985232018769e+02
-1.189013985232018769e+02
-1.189013985232018769e+02
-1.189013985232018769e+02
-1.189013985232018769e+02
-1.189013985232018769e+02
-1.189013985232018769e+02
-1.189013985232018769e+02
-1.189013985232018769e+02
-1.189013985232018769e+02
-1.189013985232018769e+02
-1.189013985232018769e+02
-1.189013985232018769e+02
-1.189013985232018769e+02
-1.189013985232018769e+02
-1.189013985232018769e+02
-1.189013985232018769e+02
-1.189013985232018769e+02
-1.189013985232018769e+02
-1.189013985232018769e+02
-1.189013985232018769e+02
-1.189013985232018769e+02
-1.189013985232018769e+02
-1.189013985232018769e+02
-1.189013985232018769e+02
-1.189013985232018769e+02
-1.189013985232018769e+02
-1.189013985232018769e+02
-1.189013985232018769e+02
-1.189013985232018769e+02
-1.189013985232018769e+02
-1.189013985232018769e+02
-1.189013985232018769e+02
-1.189013985232018769e+02
-1.189013985232018769e+02
-1.189013985232018769e+02
