0.000000000000000000e+00
0.000000000000000000e+00
0.000000000000000000e+00
0.000000000000000000e+00
0.000000000000000000e+00
0.000000000000000000e+00
-6.290041212697201622e-01
-3.774253207558708745e-01
2.570267572204871342e+00
3.472967549005385735e-01
-3.385624583251010122e-01
1.001857685020817179e+00
6.990158206431318355e-01
1.152366450476973725e-01
-8.266581636472425387e-02
2.260623698943753368e-03
-1.584076997934058539e-03
-2.099293926535450439e-02
-1.241269295571045816e-02
-3.282843278781921725e-02
5.730425261361604683e-02
9.343663094311578377e-01
-8.390467724656827109e-01
-9.587105990200401884e-01
-3.006251582219562124e+00
-3.006251582219562124e+00
-3.006251582219562124e+00
-3.006251582219562124e+00
-3.006251582219562124e+00
-3.006251582219562124e+00
-3.006251582219562124e+00
-3.006251582219562124e+00
-3.006251582219562124e+00
-3.006251582219562124e+00
-3.006251582219562124e+00
-3.006251582219562124e+00
-3.006251582219562124e+00
-3.006251582219562124e+00
-3.006251582219562124e+00
-3.006251582219562124e+00
-3.006251582219562124e+00
-3.006251582219562124e+00
-3.006251582219562124e+00
-3.006251582219562124e+00
-3.006251582219562124e+00
-3.006251582219562124e+00
-3.006251582219562124e+00
-3.006251582219562124e+00
-3.006251582219562124e+00
-3.006251582219562124e+00
-3.006251582219562124e+00
-3.006251582219562124e+00
-3.006251582219562124e+00
-3.006251582219562124e+00
-3.006251582219562124e+00
-3.006251582219562124e+00
-3.006251582219562124e+00
-3.006251582219562124e+00
-3.006251582219562124e+00
-3.006251582219562124e+00
-3.006251582219562124e+00
-3.006251582219562124e+00
-3.006251582219562124e+00
-3.006251582219562124e+00
-3.006251582219562124e+00
-3.006251582219562124e+00
-3.006251582219562124e+00
-3.006251582219562124e+00
-3.006251582219562124e+00
-3.006251582219562124e+00
-3.006251582219562124e+00
-3.006251582219562124e+00
-3.006251582219562124e+00
-3.006251582219562124e+00
-3.006251582219562124e+00
-3.006251582219562124e+00
-3.006251582219562124e+00
-3.006251582219562124e+00
-3.006251582219562124e+00
-3.006251582219562124e+00
-3.006251582219562124e+00
-3.006251582219562124e+00
-3.006251582219562124e+00
-3.006251582219562124e+00
-3.006251582219562124e+00
-3.006251582219562124e+00
-3.006251582219562124e+00
-3.006251582219562124e+00
-3.006251582219562124e+00
-3.006251582219562124e+00
-3.006251582219562124e+00
-3.006251582219562124e+00
-3.006251582219562124e+00
-3.006251582219562124e+00
-3.006251582219562124e+00
-3.006251582219562124e+00
-3.006251582219562124e+00
-3.006251582219562124e+00
-3.006251582219562124e+00
-3.006251582219562124e+00
-3.006251582219562124e+00
-3.006251582219562124e+00
-3.006251582219562124e+00
-3.006251582219562124e+00
-3.006251582219562124e+00
-3.006251582219562124e+00
-3.006251582219562124e+00
-3.006251582219562124e+00
-3.006251582219562124e+00
-3.006251582219562124e+00
-3.006251582219562124e+00
-3.006251582219562124e+00
-3.006251582219562124e+00
-3.006251582219562124e+00
-3.006251582219562124e+00
-3.006251582219562124e+00
-3.006251582219562124e+00
-3.006251582219562124e+00
-3.006251582219562124e+00
-3.006251582219562124e+00
-3.006251582219562124e+00
-3.006251582219562124e+00
-3.006251582219562124e+00
-3.006251582219562124e+00
-3.006251582219562124e+00
-3.006251582219562124e+00
-3.006251582219562124e+00
-3.006251582219562124e+00
-3.006251582219562124e+00
-3.006251582219562124e+00
-3.006251582219562124e+00
-3.006251582219562124e+00
-3.006251582219562124e+00
-3.006251582219562124e+00
-3.006251582219562124e+00
-3.006251582219562124e+00
-3.006251582219562124e+00
-3.006251582219562124e+00
