0.000000
0.000000
0.000000
0.000000
0.000000
0.000000
36.617142
40.488004
45.892549
53.859108
71.919231
76.367575
83.581327
108.398106
124.310380
126.379787
143.251341
158.012071
192.751356
202.843255
209.048339
228.232458
247.879333
268.668739
272.102496
283.722902
311.964708
330.334481
341.976191
349.820206
383.132869
445.955008
484.252283
489.309646
496.952072
516.542239
524.966653
546.070275
585.522036
610.434480
622.868571
624.752559
652.719296
674.137558
680.952619
698.290481
715.651125
742.259161
751.254126
764.443259
775.034016
782.564085
795.197831
857.884688
863.271240
874.022131
886.803516
891.186190
899.150222
909.676887
944.073167
954.564659
976.745475
983.522265
1023.893745
1028.333233
1041.991090
1047.824000
1103.594574
1128.055782
1128.182697
1152.794799
1184.122424
1184.665457
1184.779088
1199.189678
1199.306477
1212.492053
1233.334313
1244.957275
1258.416164
1264.661103
1293.385646
1312.258042
1316.782450
1324.028036
1356.453823
1366.681800
1419.467595
1422.074910
1443.446396
1452.877295
1465.813052
1492.705367
1500.133998
1520.298665
1521.277779
1535.640164
1549.438222
1559.548313
1561.250759
1561.346833
1570.147893
1570.536537
1574.499921
1574.623134
1583.710534
1593.943408
1596.143280
1604.342880
1612.235292
1635.104438
1647.062632
1661.009251
1665.042988
1712.537765
1760.744999
3123.483656
3123.666804
3131.780793
3132.209267
3180.281959
3180.506571
3189.284470
3189.344920
3252.710108
3252.745581
3268.832088
3268.909193
3304.626742
3316.074957
3320.350778
3321.338621
3336.227296
3336.921182
3337.202211
3337.813601
3348.710664

