0.000000
0.000000
0.000000
0.000000
0.000000
0.000000
0.872496
-0.097882
0.185845
0.412476
-0.096142
-0.290153
-0.072625
0.407162
-0.041303
-0.011594
0.000652
0.010576
0.007395
-0.020492
0.024860
-0.449198
-0.379461
0.066198
-0.099440
0.310435
-0.016848
-0.089741
0.245288
0.052369
0.024056
-0.045610
-0.032516
-0.000185
-0.004616
0.096997
0.258996
0.036723
0.028531
0.076675
0.011486
-0.010043
-0.139093
0.220437
-0.021544
-0.089424
-0.060979
0.010270
-0.000320
0.067259
0.115216
-0.098497
0.019696
-0.027219
-0.047568
-0.069568
-0.005418
0.007951
-0.098446
0.005767
0.000503
0.031649
0.006450
-0.031347
-0.103470
0.012791
0.001134
-0.005821
-0.034748
-0.007169
-0.018159
-0.018730
0.033290
-0.004317
0.001526
-0.000674
0.001776
0.001494
0.063946
0.007008
-0.021635
-0.028324
-0.166941
-0.016276
-0.017358
-0.037730
-0.002849
0.093639
-0.155861
-0.054543
0.105987
0.000335
-0.059315
0.011666
-0.129529
0.031012
0.003233
0.120851
-0.001930
0.062835
0.004796
0.006649
-0.014547
-0.046608
0.001473
-0.000905
0.002145
-0.020277
0.008953
-0.112368
0.007376
0.174989
0.054571
0.069425
-0.167950
-0.000257
0.144971
-0.003021
0.009179
0.000175
0.022124
-0.000219
0.000091
-0.000037
-0.000154
-0.000331
0.000509
-0.002357
0.007783
-0.000062
-0.001816
0.002263
-0.002457
0.000527
-0.000409
0.003188
-0.000440
-0.001877

